1000
17 42 4
46 54 18
1 90 31
22 95 30
98 96 13
80 5 56
15 72 4
7 33 36
85 86 56
52 69 42
73 41 26
67 45 63
13 55 55
2 93 86
76 45 72
87 40 57
100 66 7
80 53 38
91 2 11
34 67 6
44 95 98
47 85 3
28 16 5
60 5 38
11 10 80
96 74 56
74 27 60
44 52 32
76 27 10
60 34 72
65 19 26
5 47 9
35 9 73
43 58 83
27 6 1
21 60 67
32 81 7
57 52 31
33 12 86
79 6 30
97 14 17
40 79 88
98 41 60
81 69 83
12 85 59
39 62 100
54 28 31
47 1 94
69 44 38
70 35 42
31 9 97
22 20 89
9 67 78
34 16 89
22 42 25
5 47 66
73 29 39
0 53 42
20 73 91
28 89 30
98 85 38
69 96 3
91 77 63
79 70 92
79 48 79
50 66 61
8 34 45
12 71 89
82 89 7
46 74 16
8 87 8
83 12 56
35 57 4
16 79 40
15 19 12
77 18 99
78 12 41
25 2 9
95 59 36
39 72 57
74 24 4
71 35 27
61 71 58
49 35 2
79 29 41
17 37 79
67 83 21
69 39 59
5 42 25
39 81 80
87 28 17
13 62 100
11 30 40
67 43 16
78 31 43
49 97 30
1 97 39
34 68 35
41 32 82
45 24 72
79 91 11
35 55 63
86 33 83
67 7 97
51 57 31
8 13 21
9 3 8
73 5 80
36 17 39
31 11 66
46 100 56
19 54 59
85 67 94
95 82 27
67 54 42
67 23 25
42 7 15
34 78 21
64 16 62
5 34 58
13 47 81
0 44 99
84 30 23
34 38 11
68 23 92
32 74 85
92 4 28
5 4 81
22 54 16
41 62 75
2 20 12
94 41 86
38 4 40
14 19 22
55 93 15
39 5 38
33 35 34
0 32 79
23 74 80
65 77 35
56 56 52
52 90 42
63 74 95
69 11 77
91 65 22
13 35 36
42 33 8
14 46 40
84 71 12
18 82 44
61 11 30
43 82 22
52 39 2
16 35 59
38 42 11
68 94 26
53 48 15
0 33 60
45 70 62
16 48 34
56 43 8
27 81 7
52 72 19
82 56 91
93 62 100
31 9 91
48 86 21
64 81 11
83 53 23
19 32 69
62 48 83
18 28 91
23 89 93
34 44 71
9 10 84
90 47 68
74 32 16
82 20 52
53 70 66
54 84 33
29 37 5
91 61 19
18 18 95
91 47 20
63 75 34
91 10 23
52 22 97
99 92 73
43 44 59
99 10 38
4 84 60
16 54 82
58 90 100
33 70 76
91 2 12
75 76 37
85 73 67
36 86 34
63 43 23
61 95 87
87 15 84
53 5 47
40 76 92
77 67 94
54 47 14
34 92 25
3 89 85
71 52 15
1 22 6
93 21 57
53 28 74
100 87 47
0 34 29
36 22 35
83 56 97
21 66 14
32 47 87
61 12 61
51 72 5
64 96 55
47 88 38
45 58 69
30 60 84
95 95 17
64 25 83
93 28 75
83 81 21
91 86 32
30 57 67
92 100 81
65 77 76
48 46 58
59 83 100
54 93 10
49 22 17
41 20 71
73 6 68
64 15 25
51 36 99
95 85 81
17 52 13
34 66 96
43 81 99
50 42 68
96 80 66
15 14 85
77 89 75
38 20 36
39 62 19
55 47 53
84 98 25
54 84 77
93 61 47
5 85 97
24 24 77
54 31 99
79 100 64
55 2 71
61 18 70
75 18 15
70 44 46
61 11 61
95 85 18
63 97 5
1 23 28
22 88 73
52 60 75
96 10 58
78 71 68
90 72 20
99 13 4
20 56 46
32 98 7
53 22 1
17 89 70
35 29 87
31 83 25
17 46 54
10 33 56
4 1 83
25 25 97
97 18 34
32 46 61
32 14 83
70 67 75
89 99 82
37 33 85
12 25 45
63 5 13
36 41 40
36 54 38
8 2 87
44 62 13
92 33 47
0 57 27
71 87 7
23 70 19
6 37 12
49 86 5
68 23 60
12 39 71
8 47 90
69 77 100
57 48 78
29 36 86
79 87 63
67 45 84
20 71 63
24 1 68
100 35 40
82 32 14
97 81 53
60 68 69
24 26 19
48 100 27
0 54 4
15 48 19
90 16 86
25 43 87
98 13 29
38 18 100
10 55 4
100 91 18
73 66 59
0 71 40
2 77 57
61 58 61
54 13 86
88 27 3
76 87 22
20 56 69
44 31 91
55 94 27
62 24 38
95 21 59
94 20 21
75 12 4
60 2 68
78 21 43
74 32 14
85 12 5
94 13 95
34 54 33
45 4 63
32 60 75
42 13 34
37 26 33
14 12 58
62 67 78
88 56 9
11 69 57
23 1 19
45 3 87
36 4 21
76 5 76
6 90 7
54 69 77
76 78 55
93 6 84
72 83 63
74 35 91
73 60 73
67 14 93
51 46 69
36 61 83
70 57 74
21 57 20
1 87 71
99 99 99
88 55 34
52 29 5
55 55 17
21 52 78
16 66 96
82 45 77
96 44 13
82 47 46
29 16 45
53 97 9
72 68 30
0 39 48
64 70 73
55 36 81
25 40 82
13 46 10
63 39 40
17 79 13
65 48 46
79 12 10
98 39 27
92 31 9
83 98 82
87 21 91
28 1 34
52 44 12
100 31 11
84 26 67
100 90 10
47 27 8
17 75 28
60 86 100
0 20 25
47 53 21
83 88 33
78 56 13
89 48 41
57 76 73
61 6 25
80 65 25
93 37 34
50 27 13
13 9 61
34 59 57
67 58 20
37 73 10
19 25 7
8 3 76
100 26 16
15 40 98
5 77 17
95 20 58
47 71 80
53 80 34
16 88 96
86 92 88
9 100 8
25 68 86
70 16 5
7 84 22
54 6 54
52 71 98
48 48 69
66 96 69
21 80 63
76 21 60
1 12 64
42 8 52
1 69 27
6 74 32
89 37 94
22 4 96
41 97 37
33 24 78
97 24 78
68 55 29
67 73 45
6 45 79
22 41 17
44 4 23
17 8 18
83 41 63
52 27 39
18 75 8
87 37 36
52 58 41
56 65 95
29 71 99
39 12 84
86 75 33
34 72 75
9 77 77
29 35 24
90 78 19
77 41 62
33 84 61
42 65 78
97 40 45
7 62 58
100 91 95
81 13 32
75 96 31
12 88 91
90 37 82
13 99 9
79 7 62
65 83 43
60 4 61
45 54 78
42 35 78
92 80 87
33 29 79
23 35 44
34 98 65
4 80 61
17 55 29
30 15 68
43 30 26
4 86 31
12 72 15
66 26 38
74 76 22
74 98 45
66 43 12
16 58 42
93 68 55
100 45 18
83 21 71
78 28 94
86 89 75
61 63 52
87 20 40
5 36 8
46 59 25
88 76 98
4 25 17
87 93 35
53 46 81
3 75 98
52 96 17
84 79 48
68 88 23
60 57 42
66 30 100
57 64 92
54 70 59
56 80 4
62 46 1
75 91 13
12 55 55
31 3 8
65 88 97
100 89 79
2 42 20
51 61 95
98 23 27
72 45 65
1 87 21
78 3 72
95 62 96
4 99 34
13 15 75
59 75 48
100 84 72
26 4 85
70 93 6
47 66 45
58 58 81
7 55 65
28 62 38
73 4 82
13 69 20
100 98 41
7 68 97
10 22 75
23 7 57
61 87 41
94 29 22
67 68 52
53 6 61
73 79 96
24 84 57
13 98 74
65 91 93
25 54 15
17 2 33
59 60 85
75 30 25
30 64 33
5 20 37
17 43 82
37 92 57
20 46 63
10 34 81
25 55 35
8 78 93
6 56 93
96 55 72
16 58 27
55 58 79
19 38 41
38 92 85
79 37 2
7 56 41
69 26 21
13 9 38
77 23 24
41 67 73
67 43 20
53 86 23
99 77 4
51 16 84
37 87 64
61 85 22
57 66 7
97 7 12
67 10 77
33 18 17
50 96 59
56 87 92
60 100 78
25 18 17
67 5 11
47 2 34
4 79 33
53 85 73
49 48 55
97 40 88
6 54 76
44 35 57
26 91 40
46 100 80
85 70 9
41 88 72
94 24 53
54 99 95
85 7 21
30 5 55
53 77 48
79 8 72
34 5 87
99 58 92
84 74 99
48 19 14
79 31 94
96 28 17
5 100 52
65 42 19
50 65 61
19 80 12
90 69 64
38 31 43
84 93 54
89 21 73
65 46 89
48 62 3
22 28 37
12 59 63
58 20 9
83 89 31
67 88 33
27 56 28
76 41 73
75 68 11
89 42 1
91 96 80
55 71 19
72 84 72
46 26 68
32 38 20
61 9 64
90 24 63
1 95 53
85 73 70
8 61 3
5 98 52
51 76 26
94 11 37
81 8 37
51 82 15
66 15 25
16 11 38
21 81 30
76 23 47
77 65 16
93 24 72
84 69 3
51 65 58
100 1 1
10 22 55
17 69 21
19 77 96
36 65 62
2 21 41
90 98 72
79 48 76
91 83 54
47 68 48
56 82 23
89 80 24
40 87 59
46 25 23
97 44 64
49 42 78
100 91 42
100 55 38
23 60 91
31 43 35
57 28 81
38 91 22
67 95 83
73 7 6
50 22 86
51 32 31
58 36 22
56 61 7
25 93 2
51 39 32
19 32 19
35 35 60
45 94 28
34 74 94
35 43 32
52 36 12
73 94 45
43 72 63
95 33 26
29 2 60
81 38 96
23 76 96
55 68 37
77 83 32
0 2 42
11 32 65
89 11 13
8 64 34
44 33 42
7 95 21
44 5 97
98 55 70
89 8 11
98 42 24
70 25 2
57 14 13
10 67 92
86 7 52
4 47 1
99 95 91
57 71 100
3 82 67
90 58 66
50 91 58
51 9 46
31 47 82
4 99 54
70 15 34
28 96 15
73 9 85
22 21 46
66 92 12
4 47 5
74 73 98
6 26 84
4 17 11
69 3 81
77 97 48
25 69 7
100 54 94
84 24 17
96 2 72
26 26 94
91 41 56
17 24 45
26 20 90
70 59 36
33 44 96
23 34 79
81 53 85
16 5 23
36 98 27
99 70 86
23 3 100
86 22 44
2 76 15
86 23 47
6 74 68
61 88 67
86 14 22
22 34 52
36 64 15
100 27 67
27 23 72
27 39 58
41 5 75
0 55 55
50 22 39
66 98 21
47 92 81
79 40 83
57 58 89
8 88 1
81 14 29
88 17 100
24 57 38
2 86 38
90 48 65
90 93 62
60 98 27
23 66 83
3 22 39
31 46 91
20 11 46
7 29 92
59 82 94
25 63 58
8 58 1
99 91 5
55 12 25
11 60 98
83 45 78
21 99 3
50 45 96
91 63 31
60 81 83
60 83 20
38 55 3
0 65 91
5 95 26
33 6 28
81 4 75
52 79 8
12 33 57
80 60 28
85 85 34
67 19 16
63 42 23
19 78 93
74 77 38
76 86 17
13 42 34
79 88 11
49 79 11
21 84 62
58 86 97
41 48 10
62 44 84
73 91 41
44 65 58
32 94 82
41 26 27
39 62 18
49 73 97
23 65 87
35 68 35
85 74 65
71 76 48
98 29 77
51 16 83
48 52 2
74 86 76
82 86 16
34 44 91
67 3 26
57 59 38
30 41 28
68 31 60
15 100 82
29 81 85
31 37 19
33 17 14
16 97 9
57 85 91
50 22 62
52 68 7
19 57 99
24 8 15
79 13 6
43 86 20
6 54 76
93 73 82
33 55 85
58 91 89
55 94 47
17 17 24
98 38 32
27 86 68
82 28 71
100 28 10
53 100 79
14 58 26
21 63 84
93 26 48
79 69 11
76 77 73
24 81 77
86 54 55
10 86 69
18 75 3
17 6 40
34 64 3
49 34 10
63 4 15
41 87 80
65 81 74
81 45 30
84 79 77
92 7 98
27 23 13
58 12 24
98 83 39
37 62 67
91 22 82
83 83 38
88 98 54
100 6 31
28 44 77
31 86 25
100 47 93
11 92 53
29 23 13
3 83 27
51 34 61
98 4 46
43 9 84
88 93 40
53 76 77
79 46 84
76 85 40
56 6 32
58 18 38
27 61 19
7 13 7
78 100 69
27 63 72
96 95 29
100 76 79
19 77 72
95 44 79
52 20 71
84 75 56
67 12 75
100 33 89
49 11 58
2 64 93
60 87 90
3 19 75
61 34 14
85 84 21
32 68 96
87 63 13
83 15 78
84 63 8
43 48 99
72 98 89
62 87 92
96 33 27
25 60 20
19 90 69
44 26 6
79 94 60
66 90 100
79 26 26
77 28 9
100 6 94
21 61 42
14 60 30
8 90 85
97 76 47
66 69 9
83 62 4
24 29 11
15 27 85
89 74 71
4 64 60
86 98 75
75 28 25
93 54 6
100 74 54
22 14 70
70 88 73
90 67 82
92 10 71
7 83 47
61 11 97
69 74 98
95 88 7
79 6 20
14 10 10
20 41 6
11 45 87
87 22 56
7 13 96
94 62 11
48 16 37
84 90 42
75 33 74
3 40 45
25 12 74
21 53 4
84 48 1
34 78 66
35 81 8
52 79 95
15 87 67
2 96 76
79 74 13
84 40 70
10 38 38
72 53 57
46 60 87
22 84 76
28 88 81
16 53 10
6 57 10
78 53 78
30 25 5
11 83 30
68 88 5
15 28 37
42 67 14
100 31 47
80 22 42
48 100 7
23 36 86
21 1 14
52 37 89
4 42 74
37 17 62
53 90 67
2 47 93
44 88 41
